[header]
width=128
height=32
tilewidth=23
tileheight=23
orientation=orthogonal
background_color=0,0,0,255

[tilesets]
tileset=Game Programming/spritesheet_rgba.png,23,23,0,0

[layer]
type=layer
data=
0,0,0,0,0,0,0,0,0,0,0,0,0,0,0,0,0,0,0,0,0,0,0,0,0,0,0,0,0,0,0,0,0,0,0,0,0,0,0,0,0,0,0,0,0,0,0,0,0,0,0,0,0,0,0,0,0,0,0,0,0,0,0,0,0,0,0,0,0,0,0,0,0,0,0,0,0,0,0,0,0,0,0,0,0,0,0,0,0,0,0,0,0,0,0,0,0,0,0,0,0,0,0,0,0,0,0,0,0,0,0,0,0,0,0,0,0,0,0,0,0,0,0,0,0,0,0,0,
0,0,0,0,0,0,0,0,0,0,0,0,0,0,0,0,0,0,0,0,0,0,0,0,0,0,0,0,0,0,0,0,0,0,0,0,0,0,0,0,0,0,0,0,0,0,0,0,0,0,0,0,0,0,0,0,0,0,0,0,0,0,0,0,0,0,0,0,0,0,0,0,0,0,0,0,0,0,0,0,0,0,0,0,0,0,0,0,0,0,0,0,0,0,0,0,0,0,0,0,0,0,0,0,0,0,0,0,0,0,0,0,0,0,0,0,0,0,0,0,0,0,0,0,0,0,0,0,
0,0,0,0,0,0,0,0,0,0,0,0,0,0,0,0,0,0,0,0,0,0,0,0,0,0,0,0,0,0,0,0,0,0,0,0,0,0,0,0,0,0,0,0,0,0,0,0,0,0,0,0,0,0,0,0,0,0,0,0,0,0,0,0,0,0,0,0,0,0,0,0,0,0,0,0,0,0,0,0,0,0,0,0,0,0,0,0,0,0,0,0,0,0,0,0,0,0,0,0,0,0,0,0,0,0,0,0,0,0,0,0,0,0,0,0,0,0,0,0,0,0,0,0,0,0,0,0,
0,0,0,0,0,0,0,0,0,0,0,0,0,0,0,0,0,0,0,0,0,0,0,0,0,0,0,0,0,0,0,0,0,0,0,0,0,0,0,0,0,0,0,0,0,0,0,0,0,0,0,0,0,0,0,0,0,0,0,0,0,0,0,0,0,0,0,0,0,0,0,0,0,0,0,0,0,0,0,0,0,0,0,0,0,0,0,0,0,0,0,0,0,0,0,0,0,0,0,0,0,0,0,0,0,0,0,0,0,0,0,0,0,0,0,0,0,0,0,0,0,0,0,0,0,0,0,0,
0,0,0,0,0,0,0,0,0,0,0,0,0,0,0,0,0,0,0,0,0,0,0,0,0,0,0,0,0,0,0,0,0,0,0,0,0,0,0,0,0,0,0,0,0,0,0,0,0,0,0,0,0,0,0,0,0,0,0,0,0,0,0,0,0,0,0,0,0,0,0,0,0,0,0,0,0,0,0,0,0,0,0,0,0,0,0,0,0,0,0,0,0,0,0,0,0,0,0,0,0,0,0,0,0,0,0,0,0,0,0,0,0,0,0,0,0,0,0,0,0,0,0,0,0,0,0,0,
0,0,0,0,0,0,0,0,0,0,0,0,0,0,0,0,0,0,0,0,0,0,0,0,0,0,0,0,0,0,0,0,0,0,0,0,0,0,0,0,0,0,0,0,0,273,273,273,273,273,273,273,273,273,273,273,273,273,273,273,273,273,273,273,273,273,273,273,273,273,273,273,273,273,273,273,273,273,273,0,0,0,0,0,0,0,0,0,0,0,0,0,0,0,0,0,0,0,0,0,0,0,0,0,0,0,0,0,0,0,0,0,0,0,0,0,0,0,0,0,0,0,0,0,0,0,0,0,
0,0,0,0,0,0,0,0,0,0,0,0,0,0,0,0,0,0,0,0,0,0,0,0,0,0,0,0,0,0,0,0,0,0,0,0,0,273,273,273,273,273,273,273,273,273,273,513,513,273,273,273,273,273,513,273,273,273,273,273,513,273,273,273,513,273,273,513,273,333,273,273,273,273,273,273,273,273,273,0,0,0,0,0,0,0,0,0,0,0,0,0,0,0,0,0,0,0,0,0,0,0,0,0,0,0,0,0,0,0,0,0,0,0,0,0,0,0,0,0,0,0,0,0,0,0,0,0,
0,0,0,0,0,0,0,0,0,0,0,0,0,0,0,0,0,0,0,0,0,0,0,0,0,0,0,0,0,0,0,0,0,0,0,0,0,273,273,273,273,273,273,273,273,333,273,273,273,273,333,273,273,273,273,273,333,273,273,333,273,273,273,333,273,273,273,273,273,273,273,273,273,333,333,273,273,273,273,0,0,0,0,0,0,0,0,0,0,0,0,0,0,0,0,0,0,0,0,0,0,0,0,0,0,0,0,0,0,0,0,0,0,0,0,0,0,0,0,0,0,0,0,0,0,0,0,0,
0,0,0,0,0,0,0,0,0,0,0,0,0,0,0,0,0,0,0,0,0,0,0,0,0,0,0,0,0,0,0,0,0,0,0,0,0,273,273,513,273,273,333,273,273,273,273,273,273,513,273,273,273,333,273,273,273,273,273,273,273,273,273,273,273,333,273,273,273,736,333,273,273,273,273,333,273,273,273,0,0,0,0,0,0,0,0,0,0,0,0,0,0,0,0,0,0,0,0,0,0,0,0,0,0,0,0,0,0,0,0,0,0,0,0,0,0,0,0,0,0,0,0,0,0,0,0,0,
0,0,0,0,0,0,0,0,0,0,0,0,0,0,0,0,0,0,0,0,0,0,0,0,0,0,0,0,0,0,0,0,0,0,0,0,0,513,273,273,273,273,513,513,273,273,273,273,273,273,273,273,273,273,513,273,273,273,513,273,273,513,513,273,273,273,273,273,736,736,736,273,273,273,273,273,273,273,273,0,0,0,0,0,0,0,0,0,0,0,0,0,0,0,0,0,0,0,0,0,0,0,0,0,0,0,0,0,0,0,0,0,0,0,0,0,0,0,0,0,0,0,0,0,0,0,0,0,
0,0,0,0,0,0,0,0,0,0,0,0,0,0,0,0,0,0,0,0,0,0,0,0,0,0,0,0,0,0,0,0,0,0,0,0,0,273,273,333,273,273,273,273,273,273,333,273,513,273,273,333,273,273,273,333,273,273,273,273,333,273,273,736,273,273,273,736,736,736,736,736,736,736,273,273,273,273,273,0,0,0,0,0,0,0,0,0,0,0,0,0,0,0,0,0,0,0,0,0,0,0,0,0,0,0,0,0,0,0,0,0,0,0,0,0,0,0,0,0,0,0,0,0,0,0,0,0,
587,587,587,153,153,587,587,587,153,587,587,587,587,153,153,587,153,153,153,153,587,153,153,587,153,587,153,587,587,93,93,93,93,587,93,93,587,93,93,273,273,333,273,273,93,93,93,93,93,93,93,93,93,93,93,93,93,273,513,273,273,513,273,736,736,273,736,736,736,736,860,736,736,736,736,273,273,273,273,0,0,0,0,0,0,0,0,0,0,0,0,0,0,0,0,0,0,0,0,0,0,0,0,0,0,0,0,0,0,0,0,0,0,0,0,0,0,0,0,0,0,0,0,0,0,0,0,0,
587,153,587,587,153,587,587,587,153,587,587,153,587,587,587,587,587,587,587,587,587,587,587,587,587,587,587,587,93,93,587,587,93,93,93,93,93,333,93,93,93,93,93,93,93,513,333,93,93,93,93,513,93,93,93,93,93,273,273,333,273,273,273,767,736,767,736,768,736,736,860,767,736,736,736,736,736,273,273,0,0,0,0,0,0,0,0,0,0,0,0,0,0,0,0,0,0,0,0,0,0,0,0,0,0,0,0,0,0,0,0,0,0,0,0,0,0,0,0,0,0,0,0,0,0,0,0,0,
587,587,153,587,587,587,153,587,587,153,587,587,587,587,587,153,587,587,153,587,587,153,587,587,587,587,93,93,587,93,93,93,93,93,93,93,93,93,93,93,93,93,333,93,93,93,93,93,93,93,93,93,93,333,93,93,333,513,273,273,513,273,513,736,736,736,736,735,735,735,860,735,736,736,736,860,736,736,736,0,0,0,0,0,0,0,0,0,0,0,0,0,0,0,0,0,0,0,0,0,0,0,0,0,0,0,0,0,0,0,0,0,0,0,0,0,0,0,0,0,0,0,0,0,0,0,0,0,
587,587,587,587,587,587,587,587,587,587,587,587,587,587,587,587,587,587,587,587,587,587,587,587,587,93,587,587,587,93,587,93,93,587,93,93,93,93,93,513,93,93,93,93,93,93,93,93,93,93,93,93,93,93,93,273,273,333,273,513,513,604,513,736,800,0,317,736,736,767,860,768,736,768,736,860,736,736,736,0,0,0,0,0,0,0,0,0,0,0,0,0,0,0,0,0,0,0,0,0,0,0,0,0,0,0,0,0,0,0,0,0,0,0,0,0,0,0,0,0,0,0,0,0,0,0,0,0,
153,587,153,587,587,587,587,153,587,587,587,587,153,587,587,587,153,587,587,587,153,587,587,587,153,587,93,153,587,93,93,93,93,93,93,93,333,93,93,513,333,333,93,93,93,513,333,93,93,333,93,273,333,273,513,273,273,513,513,572,513,0,571,800,0,800,828,828,736,736,736,736,736,736,767,860,736,736,736,0,0,0,0,0,0,0,0,0,0,0,0,0,0,0,0,0,0,0,0,0,0,0,0,0,0,0,0,0,0,0,0,0,0,0,0,0,0,0,0,0,0,0,0,0,0,0,0,0,
587,587,587,587,587,587,587,587,587,587,153,587,587,587,153,587,587,587,587,587,587,587,587,587,93,587,587,93,587,93,93,93,93,93,93,93,93,93,93,93,93,93,93,93,93,93,93,93,93,93,93,273,513,273,513,513,513,604,571,0,513,0,0,0,800,768,802,801,317,736,736,736,768,736,736,860,736,736,736,0,0,0,0,0,0,0,0,0,0,0,0,0,0,0,0,0,0,0,0,0,0,0,0,0,0,0,0,0,0,0,0,0,0,0,0,0,0,0,0,0,0,0,0,0,0,0,0,0,
587,33,587,587,33,587,33,587,587,587,587,587,587,587,587,587,587,587,33,587,587,33,587,513,587,273,273,587,513,273,273,333,273,273,513,273,273,513,273,735,273,273,513,333,513,273,273,513,273,273,273,273,273,513,273,513,572,0,0,0,513,0,0,0,0,0,0,0,0,0,317,736,736,736,736,736,736,736,736,0,0,0,0,0,0,0,0,0,0,0,0,0,0,0,0,0,0,0,0,0,0,0,0,0,0,0,0,0,0,0,0,0,0,0,0,0,0,0,0,0,0,0,0,0,0,0,0,0,
33,587,587,33,587,333,587,587,33,33,587,587,587,333,33,587,587,333,587,587,33,587,587,333,273,513,587,273,513,273,513,273,513,273,333,513,273,273,735,735,333,273,513,273,333,333,273,273,273,333,513,513,273,513,0,513,0,0,0,0,573,0,0,0,0,0,0,0,0,0,0,254,736,736,736,768,736,736,736,0,0,0,0,0,0,0,0,0,0,0,0,0,0,0,0,0,0,0,0,0,0,0,0,0,0,0,0,0,0,0,0,0,0,0,0,0,0,0,0,0,0,0,0,0,0,0,0,0,
587,587,587,587,587,587,587,587,587,587,587,587,587,587,587,587,587,587,333,587,587,587,587,587,513,93,333,93,513,93,333,93,513,213,513,213,513,333,735,513,513,513,213,513,513,213,513,213,513,513,333,513,571,572,0,513,0,0,0,0,0,0,0,0,0,0,0,0,0,0,0,0,736,736,736,736,736,736,736,0,0,0,0,0,0,0,0,0,0,0,0,0,0,0,0,0,0,0,0,0,0,0,0,0,0,0,0,0,0,0,0,0,0,0,0,0,0,0,0,0,0,0,0,0,0,0,0,0,
587,587,153,587,333,587,587,587,333,587,587,333,587,587,587,587,587,587,587,587,587,333,587,587,587,0,0,0,0,0,573,0,0,604,800,0,860,766,735,860,571,604,860,572,0,0,571,604,572,604,513,572,0,0,0,513,0,0,0,0,0,0,0,0,0,797,0,251,0,0,0,0,736,736,736,767,891,891,736,0,0,0,0,0,0,0,0,0,0,0,0,0,0,0,0,0,0,0,0,0,0,0,0,0,0,0,0,0,0,0,0,0,0,0,0,0,0,0,0,0,0,0,0,0,0,0,0,0,
587,153,333,587,587,806,667,837,0,668,806,0,0,837,667,0,806,0,637,837,668,0,806,0,0,0,0,0,0,0,0,0,0,0,0,800,860,735,767,735,0,0,799,0,0,0,0,0,0,0,513,0,0,0,0,572,0,0,0,0,0,0,0,0,483,63,63,735,735,735,735,735,736,768,736,736,736,736,736,0,0,0,0,0,0,0,0,0,0,0,0,0,0,0,0,0,0,0,0,0,0,0,0,0,0,0,0,0,0,0,0,0,0,0,0,0,0,0,0,0,0,0,0,0,0,0,0,0,
333,587,587,587,837,0,0,0,0,0,0,0,0,0,0,0,0,0,0,0,0,0,0,0,0,0,0,0,0,0,0,0,0,0,0,0,735,768,766,768,735,799,0,0,0,0,0,0,0,0,513,0,0,0,0,0,0,0,0,0,0,0,0,63,63,93,93,800,735,735,768,735,736,736,736,736,736,736,736,0,0,0,0,0,0,0,0,0,0,0,0,0,0,0,0,0,0,0,0,0,0,0,0,0,0,0,0,0,0,0,0,0,0,0,0,0,0,0,0,0,0,0,0,0,0,0,0,0,
587,333,587,667,0,0,0,0,0,0,0,0,0,0,0,0,0,0,0,0,0,0,0,0,0,0,0,0,0,0,0,0,0,0,0,0,735,767,768,766,735,0,0,0,0,0,0,0,0,0,571,0,0,0,0,0,0,0,0,0,0,0,483,483,93,513,93,93,765,767,770,770,736,736,860,736,736,736,736,0,0,0,0,0,0,0,0,0,0,0,0,0,0,0,0,0,0,0,0,0,0,0,0,0,0,0,0,0,0,0,0,0,0,0,0,0,0,0,0,0,0,0,0,0,0,0,0,0,
587,587,667,0,0,0,0,0,0,0,0,0,0,0,0,0,0,0,0,0,0,0,0,0,0,0,0,0,0,0,0,0,0,0,0,0,735,766,766,767,735,0,0,0,0,0,0,0,0,0,0,0,0,0,0,0,0,0,0,0,0,63,483,93,93,93,333,93,93,765,860,770,736,736,860,768,736,736,736,0,0,0,0,0,0,0,0,0,0,0,0,0,0,0,0,0,0,0,0,0,0,0,0,0,0,0,0,0,0,0,0,0,0,0,0,0,0,0,0,0,0,0,0,0,0,0,0,0,
587,667,0,0,0,0,0,0,0,0,0,0,0,0,0,0,0,0,0,0,0,0,0,0,0,0,0,0,0,0,0,0,0,0,0,0,0,802,766,766,802,0,0,0,0,0,0,0,0,0,0,0,0,0,0,0,0,0,0,0,483,63,513,333,513,93,93,93,768,93,860,768,736,767,860,736,736,736,736,0,0,0,0,0,0,0,0,0,0,0,0,0,0,0,0,0,0,0,0,0,0,0,0,0,0,0,0,0,0,0,0,0,0,0,0,0,0,0,0,0,0,0,0,0,0,0,0,0,
812,256,0,0,0,0,0,0,0,0,0,0,0,0,0,0,0,0,0,44,44,0,0,0,0,0,0,0,0,0,0,0,0,0,0,0,0,0,766,0,0,0,0,0,0,0,0,0,0,0,0,0,0,0,0,0,0,0,0,483,63,93,93,93,513,93,93,93,770,93,860,770,736,736,860,736,736,736,736,0,0,0,0,0,0,0,0,0,0,0,0,0,0,0,0,0,0,0,0,0,0,0,0,0,0,0,0,0,0,0,0,0,0,0,0,0,0,0,0,0,0,0,0,0,0,0,0,0,
812,0,0,0,0,0,0,0,0,0,0,0,0,0,557,556,578,578,578,578,578,578,578,578,557,557,557,0,0,0,0,0,0,0,0,0,0,0,0,0,0,0,0,0,552,553,553,554,0,0,0,0,0,0,0,0,0,0,63,63,513,513,93,93,93,93,93,513,770,770,860,770,736,736,736,736,736,736,736,0,0,0,0,0,0,0,0,0,0,0,0,0,0,0,0,0,0,0,0,0,0,0,0,0,0,0,0,0,0,0,0,0,0,0,0,0,0,0,0,0,0,0,0,0,0,0,0,0,
844,0,0,0,0,0,0,0,0,0,0,0,192,557,557,587,580,41,579,41,581,41,581,41,333,213,557,557,0,0,0,0,0,0,0,0,0,0,0,0,0,0,0,0,582,583,583,584,0,0,0,0,0,0,0,0,0,483,483,93,93,93,93,513,333,93,513,93,93,770,770,770,736,736,736,736,736,736,736,0,0,0,0,0,0,0,0,0,0,0,0,0,0,0,0,0,0,0,0,0,0,0,0,0,0,0,0,0,0,0,0,0,0,0,0,0,0,0,0,0,0,0,0,0,0,0,0,0,
701,0,0,0,0,557,556,556,557,192,192,192,557,557,587,587,41,579,579,581,579,41,41,41,213,587,333,557,557,557,556,557,557,557,556,557,557,557,735,735,484,62,62,484,62,62,62,62,484,62,62,62,62,485,485,63,485,483,513,93,93,333,93,93,93,93,93,93,770,93,770,770,736,736,736,736,736,736,736,0,0,0,0,0,0,0,0,0,0,0,0,0,0,0,0,0,0,0,0,0,0,0,0,0,0,0,0,0,0,0,0,0,0,0,0,0,0,0,0,0,0,0,0,0,0,0,0,0,
731,0,0,0,557,557,333,333,557,557,557,557,557,333,333,41,581,41,579,581,41,41,581,579,587,273,513,93,213,213,587,213,587,213,587,213,273,587,587,587,93,513,93,513,93,333,93,93,93,513,93,93,93,513,333,513,93,93,93,93,93,513,93,93,513,93,513,93,333,770,770,770,736,736,736,736,736,736,736,0,0,0,0,0,0,0,0,0,0,0,0,0,0,0,0,0,0,0,0,0,0,0,0,0,0,0,0,0,0,0,0,0,0,0,0,0,0,0,0,0,0,0,0,0,0,0,0,0,
556,556,556,556,557,333,587,587,333,587,333,333,587,333,333,41,579,581,579,579,581,579,41,41,41,587,333,213,213,587,213,513,213,333,213,587,513,735,587,587,587,93,93,333,93,93,513,93,93,93,333,513,93,93,513,513,93,93,513,223,93,513,93,93,333,93,93,770,770,770,770,770,736,736,736,736,736,736,736,0,0,0,0,0,0,0,0,0,0,0,0,0,0,0,0,0,0,0,0,0,0,0,0,0,0,0,0,0,0,0,0,0,0,0,0,0,0,0,0,0,0,0,0,0,0,0,0,0

[ObjectsLayer]
# enemy
type=snowman
location=49,29,1,1

[ObjectsLayer]
# enemy
type=bee
location=33,23,1,1

[ObjectsLayer]
# enemy
type=bee
location=25,25,1,1

[ObjectsLayer]
# enemy
type=bee
location=27,22,1,1

[ObjectsLayer]
# enemy
type=bee
location=64,19,1,1

[ObjectsLayer]
# enemy
type=bee
location=58,23,1,1

[ObjectsLayer]
# enemy
type=bee
location=49,25,1,1

[ObjectsLayer]
# player
type=player
location=2,29,1,1

[ObjectsLayer]
# coin
type=green
location=9,28,1,1

[ObjectsLayer]
# coin
type=green
location=12,27,1,1

[ObjectsLayer]
# coin
type=green
location=10,28,1,1

[ObjectsLayer]
# coin
type=red
location=19,24,1,1

[ObjectsLayer]
# coin
type=red
location=20,24,1,1

[ObjectsLayer]
# coin
type=red
location=22,25,1,1

[ObjectsLayer]
# coin
type=red
location=17,24,1,1

[ObjectsLayer]
# coin
type=blue
location=35,28,1,1

[ObjectsLayer]
# coin
type=blue
location=29,26,1,1

[ObjectsLayer]
# coin
type=blue
location=33,26,1,1

[ObjectsLayer]
# coin
type=blue
location=32,28,1,1

[ObjectsLayer]
# coin
type=blue
location=28,28,1,1

[ObjectsLayer]
# coin
type=yellow
location=44,26,1,1

[ObjectsLayer]
# coin
type=yellow
location=46,26,1,1

[ObjectsLayer]
# coin
type=yellow
location=39,28,1,1

[ObjectsLayer]
# coin
type=yellow
location=38,28,1,1

[ObjectsLayer]
# door
type=door
location=70,20,1,1

[ObjectsLayer]
# coin
type=green
location=7,28,1,1

[ObjectsLayer]
# enemy
type=spider
location=33,29,1,1

[ObjectsLayer]
# enemy
type=spider
location=29,29,1,1

