[header]
width=128
height=32
tilewidth=23
tileheight=23
orientation=orthogonal
background_color=0,0,0,255

[tilesets]
tileset=Game Programming/spritesheet_rgba.png,23,23,0,0

[layer]
type=layer
data=
0,0,0,860,735,735,735,735,735,735,735,735,735,735,735,860,735,735,735,735,578,578,578,735,735,860,735,735,735,735,735,735,735,735,860,735,735,735,735,578,578,578,578,578,578,578,578,735,735,735,735,735,860,735,735,735,735,735,735,578,578,578,578,578,578,578,578,735,735,735,735,735,860,735,735,735,735,735,578,578,578,578,735,860,735,735,735,735,735,735,735,735,735,735,735,735,735,735,735,860,735,735,735,735,735,735,735,578,578,578,578,578,578,578,578,735,735,735,735,735,735,735,735,735,735,735,735,735,
0,0,735,860,735,735,735,735,735,735,735,735,735,735,735,860,735,735,735,735,578,578,578,578,735,860,735,735,735,735,735,735,735,735,860,735,735,735,735,735,578,578,578,578,578,578,578,578,735,735,735,735,860,735,735,735,735,735,578,578,578,578,578,578,578,578,735,735,735,735,735,735,860,735,735,735,735,735,735,578,578,578,735,860,735,735,735,735,735,735,767,735,735,735,735,735,735,735,735,860,861,861,735,735,735,735,735,735,735,578,578,578,578,578,735,735,735,735,735,735,735,768,735,735,735,735,735,735,
0,768,735,860,768,735,735,735,735,735,767,735,768,735,735,860,861,861,861,735,768,578,578,578,578,860,735,735,735,735,735,735,735,735,860,735,735,735,735,735,735,735,578,578,768,578,735,735,768,735,735,735,860,768,735,735,735,735,735,578,578,578,578,578,735,768,735,735,735,735,735,735,860,735,735,735,735,735,735,735,735,735,735,860,767,735,735,735,735,735,735,735,735,767,735,768,735,735,767,860,735,735,735,735,735,735,767,735,735,735,735,735,735,735,735,735,768,735,735,735,735,735,735,767,735,578,735,735,
0,735,735,860,735,735,767,735,768,735,735,735,735,735,735,860,735,735,735,735,735,735,578,578,578,860,735,735,768,735,735,735,735,735,860,735,735,767,735,735,767,735,578,578,578,578,767,735,735,735,735,735,860,735,735,735,735,735,735,578,578,578,735,735,735,735,735,735,735,735,735,735,860,735,768,735,735,735,735,735,768,735,735,860,735,735,735,735,735,768,735,735,735,735,735,861,861,861,861,860,735,735,735,767,735,735,735,735,735,767,767,735,735,735,767,735,735,735,735,735,735,735,735,735,578,578,767,735,
735,735,735,860,861,861,861,861,735,735,735,735,735,735,735,735,767,735,735,735,735,735,735,578,578,860,861,861,861,861,735,735,768,735,860,735,735,735,735,735,767,735,735,768,735,735,735,735,735,735,735,767,860,861,861,861,735,735,735,735,735,735,735,735,735,735,768,735,735,735,735,735,860,735,735,735,735,735,767,735,735,735,735,860,735,735,768,735,735,735,767,735,735,735,735,735,735,735,735,860,735,735,735,735,735,735,735,735,735,735,735,735,768,735,735,735,735,735,735,735,767,767,735,735,578,578,735,735,
735,767,735,735,735,767,735,735,735,735,735,767,735,735,735,767,735,735,735,735,767,735,735,578,578,860,735,735,735,735,735,735,735,735,860,861,861,861,861,861,735,735,735,735,735,735,735,735,735,735,735,735,860,735,735,735,767,735,735,735,735,767,735,735,860,735,735,735,861,861,861,861,860,735,735,735,735,735,735,861,861,861,861,860,767,735,735,735,735,735,735,735,735,735,742,742,742,742,742,735,735,735,735,735,768,735,767,735,860,768,735,735,735,735,768,735,735,860,735,735,735,735,735,578,578,578,578,578,
735,735,735,768,735,735,735,735,735,768,735,735,735,735,735,735,735,735,735,735,735,735,768,735,578,735,735,735,767,735,735,735,735,735,860,735,735,735,768,735,735,735,735,768,735,735,735,735,735,768,735,735,860,735,735,735,735,735,735,735,735,735,735,735,860,735,735,735,735,735,735,735,860,735,735,735,735,735,735,735,735,735,735,860,735,735,735,768,735,735,735,735,735,803,742,0,0,0,0,74,735,735,735,735,735,735,735,735,860,735,735,735,735,735,735,735,735,860,735,768,735,735,735,735,735,768,735,578,
735,735,735,735,735,735,772,735,772,735,735,772,735,768,735,735,735,768,735,735,735,735,735,735,735,735,735,735,735,735,735,768,735,735,735,767,768,735,735,735,735,735,735,769,0,795,795,739,735,735,735,735,767,735,768,735,735,735,735,767,735,735,735,735,860,735,735,735,735,735,735,735,768,735,735,735,735,768,735,735,735,767,735,768,735,735,735,735,735,735,742,803,742,0,0,0,0,0,0,74,0,765,735,735,861,861,861,861,860,735,735,735,735,735,735,735,767,860,735,768,735,735,735,735,735,735,735,578,
735,772,735,772,735,735,0,0,0,0,860,0,765,735,735,735,735,767,735,735,735,768,735,735,735,735,768,735,735,735,735,735,735,735,735,735,735,735,735,735,735,735,769,0,0,795,795,0,0,0,739,735,735,735,735,735,860,735,735,735,735,735,735,767,860,735,767,735,735,735,735,735,735,735,735,735,735,735,735,735,735,768,735,735,735,735,735,735,769,74,0,0,0,0,0,0,0,0,0,74,0,0,765,735,735,735,735,768,860,735,735,767,735,735,735,735,735,860,861,861,861,861,861,735,767,735,768,735,
697,0,803,0,803,0,800,0,0,0,860,0,0,765,735,735,735,735,735,735,735,735,735,767,735,735,735,735,735,735,735,735,735,735,735,735,735,735,735,767,735,859,859,859,859,859,859,859,859,859,859,739,735,861,861,861,860,735,735,735,735,735,735,735,860,735,735,735,735,767,735,735,735,735,767,735,735,735,767,735,735,735,735,735,735,742,0,0,0,74,0,0,0,0,0,0,0,0,0,74,0,0,0,765,735,735,735,735,735,735,735,735,735,767,735,768,735,860,735,767,735,735,768,735,735,735,735,735,
727,0,0,0,0,0,0,800,0,0,860,0,0,799,735,735,735,735,735,765,735,735,735,735,735,767,735,735,735,735,735,735,767,735,735,735,768,735,735,735,74,0,0,803,0,0,803,0,803,0,0,0,735,735,735,735,860,735,735,735,768,861,861,861,860,735,735,735,735,735,735,735,768,735,735,735,735,735,735,735,768,735,735,735,742,0,0,0,0,74,0,0,0,0,0,0,0,0,0,74,0,0,0,0,803,803,765,742,742,735,735,768,735,735,735,735,735,860,735,735,735,735,735,735,735,735,735,735,
727,0,0,0,0,0,0,0,800,0,860,0,799,0,803,735,735,829,0,0,735,735,735,735,735,735,735,735,735,768,735,735,735,735,735,735,735,735,735,769,74,0,0,0,0,0,0,0,0,0,0,0,739,735,735,735,860,735,767,735,735,735,735,735,860,767,767,735,735,735,735,735,735,735,735,735,735,735,735,735,735,735,769,0,0,0,0,0,0,74,0,0,0,0,0,0,0,0,0,74,0,0,0,0,0,0,0,0,0,0,735,735,735,735,735,735,735,860,735,735,735,735,767,735,735,735,767,735,
727,0,0,0,0,0,0,0,0,796,796,799,0,0,0,803,0,829,829,0,0,765,735,735,735,735,735,735,735,735,735,735,735,735,767,735,735,735,735,0,74,0,0,0,0,0,0,0,0,0,0,0,0,739,803,742,742,735,735,735,735,735,735,735,768,735,735,735,767,735,735,0,0,735,767,735,735,735,735,735,735,769,317,0,0,0,0,0,0,74,0,0,0,0,0,0,0,0,0,74,0,0,0,0,0,0,0,0,0,0,765,803,735,735,768,735,767,735,735,771,771,735,735,735,735,735,735,771,
727,0,0,0,0,0,0,0,0,803,803,0,0,0,0,0,0,0,829,829,0,0,735,772,772,735,827,735,735,735,735,735,735,768,735,735,735,735,0,0,74,0,0,0,0,0,0,0,0,0,0,0,0,0,0,0,0,0,74,742,742,735,735,735,735,735,735,735,735,735,800,0,0,735,735,735,735,768,735,735,803,0,0,0,0,0,0,0,0,74,0,0,0,0,0,0,0,0,0,74,0,0,0,0,0,0,0,0,0,0,0,0,765,735,735,735,735,771,771,0,0,0,735,735,735,771,771,0,
757,0,0,0,0,0,0,0,0,0,0,0,0,0,0,0,0,0,0,829,827,827,827,827,827,74,74,827,827,765,735,735,735,768,735,735,735,769,0,0,74,0,0,0,0,0,0,0,0,0,0,0,0,0,0,0,0,0,74,0,0,739,735,735,735,735,735,735,735,735,0,800,0,735,735,735,735,735,803,0,0,0,0,0,0,0,0,0,0,74,0,0,0,0,0,0,0,0,0,796,0,0,0,0,0,0,0,0,0,0,0,0,0,765,735,735,771,0,0,0,0,0,803,803,803,0,0,0,
256,0,0,0,0,0,0,0,0,0,0,0,0,0,0,0,0,0,0,0,0,0,0,0,0,74,74,0,0,0,765,735,803,0,803,735,769,0,0,0,796,0,0,0,0,72,72,0,0,0,0,0,0,0,0,0,0,0,74,0,0,0,739,735,735,735,768,735,735,742,0,0,800,742,735,735,735,803,0,0,0,0,0,0,0,0,0,0,0,74,0,0,0,0,0,0,0,0,0,0,0,0,0,0,0,0,0,0,0,0,0,0,0,0,0,0,0,0,0,0,0,0,0,0,0,0,0,0,
763,0,0,0,0,0,0,0,0,0,0,0,0,0,0,0,0,0,0,0,0,0,0,0,0,74,74,0,0,0,0,765,0,0,0,769,0,0,0,0,0,0,0,0,0,735,735,880,0,0,0,0,0,0,0,0,0,0,74,0,0,0,0,0,803,735,735,771,769,0,0,0,0,798,742,742,74,0,0,0,0,0,0,0,0,0,0,0,0,74,0,0,0,0,0,0,0,0,0,0,0,0,0,0,0,0,0,0,0,0,0,0,0,0,0,0,0,0,0,0,0,0,0,0,0,0,0,0,
732,0,0,0,0,0,0,0,0,0,0,0,0,0,0,0,0,0,0,0,0,0,0,0,0,74,74,0,0,0,0,0,0,0,0,0,0,0,0,0,0,0,0,759,735,735,735,735,735,0,0,0,0,0,0,0,0,0,74,0,0,0,0,0,0,735,769,0,0,0,0,0,0,0,0,0,74,0,0,0,0,0,0,0,0,0,0,0,0,795,0,0,0,0,0,0,0,0,0,0,0,0,0,0,0,0,0,0,0,0,0,0,0,0,0,0,0,0,0,0,0,0,785,785,785,785,785,785,
735,735,879,735,735,880,880,880,801,801,801,795,879,0,0,0,0,0,0,0,0,0,0,0,0,74,74,0,0,0,0,0,0,0,0,0,0,0,0,0,0,0,759,727,735,735,735,768,735,735,880,0,0,0,0,0,0,0,796,0,0,0,0,0,0,0,0,0,0,0,0,0,0,0,0,0,74,0,0,0,0,0,0,0,0,0,0,0,0,0,0,0,0,0,0,0,0,0,0,0,0,0,0,0,0,0,0,0,0,0,0,0,0,0,0,0,0,0,0,0,0,0,812,812,812,812,812,812,
735,735,735,735,735,735,735,735,735,735,735,801,801,801,801,795,72,72,0,0,0,0,0,0,0,826,826,0,0,0,0,0,0,0,0,0,0,0,0,0,0,0,727,735,727,767,735,735,735,735,735,0,0,0,0,0,0,0,0,0,0,0,0,0,0,0,0,0,0,0,0,0,0,0,0,0,74,0,0,0,0,0,0,0,0,0,0,0,0,0,0,0,0,0,0,0,0,0,0,0,0,0,0,0,0,0,0,0,0,0,0,0,0,0,0,0,0,0,0,0,0,0,841,841,841,841,841,841,
735,735,767,735,735,735,735,767,735,735,735,767,735,735,735,801,801,801,801,801,795,0,0,0,0,0,0,0,0,0,0,0,0,0,0,0,0,0,0,0,735,759,727,735,735,735,735,735,735,735,735,879,735,0,0,0,0,0,0,0,0,0,0,0,0,0,0,0,0,0,0,0,0,0,0,0,74,0,0,0,0,0,0,0,0,0,0,0,0,0,0,0,0,0,0,0,0,72,0,0,0,0,0,0,0,0,0,0,0,0,0,0,0,0,0,0,0,0,0,0,0,0,846,812,812,846,812,812,
735,735,735,735,735,735,735,735,735,735,735,735,735,735,735,735,735,735,735,735,735,879,0,0,0,0,0,0,0,0,0,0,0,0,0,0,0,0,880,735,735,735,735,735,735,735,735,768,735,767,735,735,735,826,0,879,72,0,0,0,0,0,0,0,0,0,0,0,0,0,0,0,0,0,0,0,796,0,0,0,0,0,0,0,0,0,0,0,0,0,0,0,0,0,0,0,797,801,801,801,796,0,0,0,0,0,0,0,0,0,0,0,0,0,0,0,0,0,0,0,0,0,812,692,692,692,692,692,
735,735,735,735,860,735,735,767,735,735,735,735,735,735,735,735,735,735,735,735,735,735,735,880,880,880,0,0,0,0,0,0,0,0,0,0,72,880,735,735,735,735,767,735,735,735,735,735,735,735,735,735,767,735,735,826,826,826,0,0,0,0,0,0,0,0,0,0,0,0,0,0,0,0,0,0,0,0,0,0,0,0,0,0,0,0,0,0,0,0,0,0,0,0,880,797,735,735,735,735,735,735,0,0,0,0,0,0,0,0,0,0,0,0,0,0,0,0,0,0,0,0,0,692,692,692,692,692,
735,735,768,735,860,735,735,735,735,735,768,735,735,735,735,735,768,735,735,767,735,735,735,735,735,735,72,0,0,0,0,887,858,0,879,735,735,735,735,767,735,735,735,860,768,735,826,826,826,826,768,735,768,735,735,735,735,735,826,0,0,0,0,0,0,0,0,0,0,0,0,0,191,0,0,0,0,0,0,0,0,0,0,0,0,0,0,0,0,0,0,0,0,0,735,735,735,768,735,767,735,735,880,0,0,0,0,0,0,0,0,0,0,0,0,0,0,0,0,0,0,0,0,692,692,692,692,692,
735,735,735,767,860,861,861,861,735,735,735,735,735,860,735,735,735,735,735,735,735,768,735,735,735,735,735,0,855,886,0,735,735,735,735,735,768,768,735,735,735,735,735,860,735,735,735,735,735,735,735,735,735,735,735,735,735,735,860,0,879,0,0,0,0,0,0,0,0,0,0,191,191,0,0,0,0,0,0,0,0,0,0,0,0,0,0,0,0,0,0,0,797,797,735,768,735,767,735,735,735,735,735,735,0,0,0,0,0,0,0,0,0,0,0,0,879,0,880,735,880,735,735,735,880,860,735,735,
735,735,735,735,860,735,735,735,735,767,735,735,735,860,767,735,735,735,735,735,735,735,735,735,735,767,735,735,735,735,735,735,735,735,735,735,735,735,826,826,826,826,767,860,735,735,735,768,735,767,735,578,735,735,767,735,735,735,860,735,735,0,0,0,0,0,0,0,0,0,0,192,192,72,0,0,0,0,0,0,857,0,0,0,0,0,0,0,879,0,797,880,735,735,735,735,735,578,578,735,735,735,735,735,735,880,0,0,879,0,0,0,0,0,0,0,735,735,735,735,735,735,768,735,735,860,767,735,
735,735,735,735,860,735,578,578,735,735,735,735,735,860,735,735,735,735,735,735,735,735,735,735,735,735,735,735,735,860,735,735,767,735,735,768,735,735,735,735,735,735,735,860,735,735,735,735,735,735,578,578,578,735,735,861,861,861,860,735,735,880,735,0,0,0,0,0,0,0,192,192,192,192,0,0,0,281,0,880,735,578,578,578,578,735,0,0,735,860,735,767,735,735,735,735,735,578,578,767,735,735,768,735,735,735,860,735,735,0,0,0,72,0,880,735,735,768,735,735,735,735,735,735,735,860,735,735,
735,735,735,767,860,735,578,578,578,735,768,735,735,860,735,735,735,735,735,767,735,735,735,735,768,735,735,767,735,860,735,735,735,735,735,735,735,735,735,735,735,735,735,860,735,768,735,735,735,578,578,578,578,578,768,735,735,735,860,735,767,735,735,880,72,879,251,0,191,161,161,192,192,192,192,0,0,735,735,735,735,578,578,578,578,735,735,735,735,860,735,735,735,735,735,735,768,578,578,735,735,861,861,861,861,861,860,735,735,735,735,880,735,735,735,735,735,735,735,735,767,735,735,735,767,860,735,735,
735,735,735,735,860,735,578,768,735,578,735,735,735,860,768,735,735,735,735,735,768,735,735,735,735,735,735,735,735,860,735,735,735,735,768,735,735,735,767,735,768,735,735,860,768,735,735,735,578,578,578,578,578,578,578,578,735,735,860,735,735,735,735,735,735,735,735,735,161,735,735,161,161,161,735,735,735,735,735,735,735,768,578,578,578,735,735,768,735,860,735,735,735,768,735,735,735,578,578,578,735,735,767,735,735,735,860,735,735,768,735,735,735,735,768,735,735,735,768,735,735,767,861,861,861,860,735,735,
735,735,735,735,860,735,578,578,578,578,578,735,735,860,861,861,861,861,861,861,861,735,735,735,735,768,735,735,735,860,735,767,735,735,735,735,735,735,735,735,735,735,735,860,861,861,861,861,735,735,578,578,578,578,735,735,735,735,860,735,735,735,735,735,735,735,735,735,768,735,735,735,735,735,735,735,767,735,768,735,735,767,578,578,578,735,767,735,735,860,735,735,735,735,767,767,735,735,578,578,768,735,735,735,735,768,860,735,767,735,735,735,735,735,767,735,735,735,578,735,768,735,735,735,735,860,768,735,
735,735,735,735,860,735,735,578,578,578,578,578,735,860,735,735,735,735,735,735,735,735,735,735,735,735,735,735,735,860,735,768,735,735,735,578,578,578,578,578,578,735,735,860,735,735,735,735,735,735,735,735,735,767,735,735,735,767,860,735,735,735,735,767,767,735,735,735,735,735,735,735,767,735,735,735,735,735,735,735,735,735,735,768,735,735,767,735,735,860,735,735,767,735,735,735,735,768,578,578,578,735,735,735,735,735,860,735,735,735,767,735,768,735,735,735,767,735,578,578,578,735,767,735,735,735,735,735,
735,735,735,735,860,735,735,735,578,578,578,578,578,860,735,735,735,735,735,735,735,735,735,735,735,735,735,735,735,860,735,735,735,735,578,578,578,578,578,578,578,578,735,860,735,735,735,735,735,735,735,735,735,735,735,735,735,735,860,735,735,735,735,735,735,735,735,735,735,735,735,735,735,735,735,735,735,735,735,735,735,735,735,735,735,861,861,861,861,860,735,735,735,735,735,735,735,735,735,578,578,735,735,768,735,735,860,735,735,735,735,735,735,735,735,735,735,578,578,578,578,578,578,578,578,578,578,735

[ObjectsLayer]
# enemy
type=spider
location=14,18,1,1

[ObjectsLayer]
# enemy
type=spider
location=66,26,1,1

[ObjectsLayer]
# enemy
type=spider
location=89,24,1,1

[ObjectsLayer]
# enemy
type=spider
location=117,24,1,1

[ObjectsLayer]
# enemy
type=ghost
location=110,19,1,1

[ObjectsLayer]
# enemy
type=ghost
location=104,16,1,1

[ObjectsLayer]
# enemy
type=ghost
location=96,12,1,1

[ObjectsLayer]
# enemy
type=ghost
location=85,17,1,1

[ObjectsLayer]
# enemy
type=ghost
location=70,19,1,1

[ObjectsLayer]
# enemy
type=ghost
location=65,22,1,1

[ObjectsLayer]
# enemy
type=ghost
location=55,15,1,1

[ObjectsLayer]
# enemy
type=ghost
location=35,18,1,1

[ObjectsLayer]
# enemy
type=ghost
location=49,13,1,1

[ObjectsLayer]
# enemy
type=ghost
location=22,17,1,1

[ObjectsLayer]
# enemy
type=ghost
location=9,15,1,1

[ObjectsLayer]
# coin
type=green
location=98,19,1,1

[ObjectsLayer]
# coin
type=green
location=103,20,1,1

[ObjectsLayer]
# coin
type=green
location=82,23,1,1

[ObjectsLayer]
# coin
type=green
location=72,22,1,1

[ObjectsLayer]
# coin
type=green
location=55,20,1,1

[ObjectsLayer]
# coin
type=green
location=44,14,1,1

[ObjectsLayer]
# coin
type=green
location=31,21,1,1

[ObjectsLayer]
# coin
type=green
location=25,21,1,1

[ObjectsLayer]
# coin
type=yellow
location=7,17,1,1

[ObjectsLayer]
# coin
type=yellow
location=19,19,1,1

[ObjectsLayer]
# coin
type=yellow
location=40,18,1,1

[ObjectsLayer]
# coin
type=yellow
location=62,24,1,1

[ObjectsLayer]
# coin
type=yellow
location=87,24,1,1

[ObjectsLayer]
# coin
type=yellow
location=105,23,1,1

[ObjectsLayer]
# coin
type=yellow
location=119,22,1,1

[ObjectsLayer]
# coin
type=blue
location=112,24,1,1

[ObjectsLayer]
# coin
type=blue
location=93,20,1,1

[ObjectsLayer]
# coin
type=blue
location=75,25,1,1

[ObjectsLayer]
# coin
type=blue
location=60,21,1,1

[ObjectsLayer]
# coin
type=blue
location=50,17,1,1

[ObjectsLayer]
# coin
type=blue
location=27,22,1,1

[ObjectsLayer]
# coin
type=blue
location=14,16,1,1

[ObjectsLayer]
# player
type=player
location=1,16,1,1

[ObjectsLayer]
# door
type=door
location=121,23,1,1

