[header]
width=128
height=32
tilewidth=23
tileheight=23
orientation=orthogonal
background_color=0,0,0,255

[tilesets]
tileset=Game Programming/spritesheet_rgba.png,23,23,0,0

[layer]
type=layer
data=
348,348,348,348,348,348,348,348,348,348,348,348,348,347,348,348,348,348,348,348,348,348,348,348,348,348,348,348,348,348,348,348,348,348,348,348,348,347,348,348,348,348,348,348,348,348,348,348,348,348,348,348,348,348,348,348,348,348,348,348,347,348,348,348,348,348,348,348,348,348,348,348,348,348,348,348,348,347,348,348,348,348,348,348,348,348,348,348,348,348,348,348,348,348,348,348,348,348,347,348,348,348,348,348,348,348,348,348,348,348,348,348,348,348,347,348,348,348,348,348,348,348,348,348,348,348,348,348,
828,0,0,0,0,0,0,0,0,0,0,0,0,347,0,0,0,0,0,0,0,0,0,0,0,0,0,0,0,0,0,0,0,0,0,0,0,347,0,0,0,0,0,0,0,0,0,0,0,0,0,0,0,0,0,0,0,0,0,0,347,0,0,0,0,0,0,0,0,0,0,0,0,0,0,0,0,347,0,0,0,0,0,0,0,0,0,0,0,0,0,0,0,0,0,0,0,0,347,0,0,0,0,0,0,0,0,0,0,0,0,0,0,0,347,0,0,0,0,0,0,0,0,0,0,0,0,0,
735,828,0,0,0,0,0,0,0,0,0,0,0,347,0,0,0,0,0,0,0,0,0,0,0,0,0,0,0,0,0,0,0,0,0,0,0,347,0,0,0,0,0,0,0,0,0,0,0,0,0,0,0,0,0,0,0,0,0,0,347,0,0,0,0,0,0,0,0,0,0,0,0,0,0,0,0,347,0,0,0,0,0,0,0,0,0,0,0,0,0,0,0,0,0,0,0,0,347,0,0,0,0,0,0,0,0,0,0,0,0,0,0,0,347,0,0,0,0,0,0,0,0,0,0,0,0,0,
735,735,828,0,0,0,0,0,0,0,0,0,0,347,0,0,0,0,0,0,0,0,0,0,0,0,0,0,0,0,0,0,0,0,0,0,0,347,0,0,0,0,0,0,0,0,0,0,0,0,0,0,0,0,0,0,0,0,0,0,347,0,0,0,0,0,0,0,0,0,0,0,0,0,0,0,0,347,0,0,0,0,0,0,0,0,0,0,0,0,0,0,0,0,0,0,0,0,347,0,0,0,0,0,0,0,0,0,0,0,0,0,0,0,347,0,0,0,0,0,0,0,0,0,0,0,0,0,
735,735,735,828,828,0,0,0,0,0,0,0,0,347,0,0,0,0,0,0,0,0,0,0,0,0,0,0,0,0,0,0,0,0,0,0,0,347,0,0,0,0,0,0,0,0,0,0,0,0,0,0,0,0,0,0,0,0,0,0,347,0,0,0,0,0,0,0,0,0,0,0,0,0,0,0,0,347,0,0,0,0,0,0,0,0,0,0,0,0,0,0,0,0,0,0,0,0,347,0,0,0,0,0,0,0,0,0,0,0,0,0,0,0,347,0,0,0,0,0,0,0,0,0,0,0,0,0,
735,767,735,735,735,831,0,0,0,0,0,0,0,347,0,0,0,0,0,0,0,0,0,0,0,0,0,0,0,0,0,0,0,0,0,0,0,347,0,0,0,0,0,0,0,0,0,0,0,0,0,0,0,0,0,0,0,0,0,0,347,0,0,0,0,0,0,0,0,0,0,0,0,0,0,0,0,347,0,0,0,0,0,0,0,0,0,0,0,0,0,0,0,0,0,0,0,0,347,0,0,0,0,0,0,0,0,0,0,0,0,0,0,0,347,0,0,0,0,0,0,0,0,0,0,0,0,0,
768,735,735,768,735,831,831,0,0,0,0,0,0,347,0,0,0,0,0,0,0,0,0,0,0,0,0,0,0,0,0,0,0,0,0,0,0,347,0,0,0,0,0,0,0,0,0,0,0,0,0,0,0,0,0,0,0,0,0,0,347,0,0,0,0,0,0,0,0,0,0,0,0,0,0,0,0,347,0,0,0,0,0,0,0,0,0,0,0,0,0,0,0,0,0,0,0,0,347,0,0,0,0,0,0,0,0,0,0,0,0,0,0,0,347,0,0,0,0,0,0,0,0,0,0,0,0,0,
735,735,767,735,735,0,831,831,0,0,0,0,0,347,0,0,0,0,0,0,0,0,0,0,0,0,0,0,0,0,0,0,0,0,0,0,0,347,0,0,0,0,0,0,0,0,0,0,0,0,0,0,0,0,0,0,0,0,0,0,347,0,0,0,0,0,0,0,0,0,0,0,0,0,0,0,0,347,0,0,0,0,0,0,0,0,0,0,0,0,0,0,0,0,0,0,0,0,347,0,0,0,0,0,0,0,0,0,0,0,0,0,0,0,347,0,0,0,0,0,0,0,0,0,0,0,0,0,
859,859,859,859,859,859,859,860,0,0,0,0,0,347,0,0,0,0,0,0,0,0,0,0,0,0,0,0,0,0,0,0,0,0,0,0,0,0,0,0,0,0,0,0,0,0,0,0,0,0,0,0,0,0,0,0,0,0,0,0,0,0,0,0,0,0,0,0,0,0,0,0,0,0,0,0,0,347,0,0,0,0,0,0,0,0,0,0,0,0,0,0,0,0,0,0,0,0,347,0,0,0,0,0,0,0,0,0,0,0,0,0,0,0,347,0,0,0,0,0,0,0,0,0,0,0,0,0,
735,768,735,768,735,0,0,860,0,0,0,0,0,347,0,0,0,0,0,0,0,0,0,0,0,0,0,0,0,0,0,0,0,0,0,0,0,0,0,0,0,0,0,0,0,0,0,0,0,0,0,0,0,0,0,0,0,0,0,0,0,0,0,0,0,0,0,0,0,0,0,0,0,0,0,0,0,0,0,0,0,0,0,0,0,0,0,0,0,0,0,0,0,0,0,0,0,0,347,0,0,0,0,0,0,0,0,0,0,0,0,0,0,0,347,0,0,0,0,0,0,0,0,0,0,0,0,0,
735,735,767,735,735,0,0,860,0,0,0,0,0,347,0,0,0,0,0,0,0,0,0,0,0,0,0,0,0,0,0,0,0,0,0,0,0,0,0,0,0,0,0,0,0,0,0,0,363,401,401,401,0,0,0,0,0,0,0,0,0,0,0,0,0,0,0,0,0,0,0,0,0,0,0,0,0,0,0,0,0,0,0,0,0,0,0,0,0,0,0,0,0,0,0,0,0,0,347,0,0,0,0,0,0,0,0,0,0,0,0,0,0,0,347,0,0,0,0,0,0,0,0,0,0,0,0,0,
735,767,735,735,771,0,799,860,0,0,0,0,0,0,0,0,0,0,0,0,0,0,0,0,0,0,0,0,0,367,363,453,367,0,0,0,0,0,0,0,0,0,0,0,0,0,0,0,103,0,0,103,0,0,401,453,363,401,0,0,0,0,0,0,0,0,0,0,0,0,0,0,0,0,0,0,0,0,0,0,0,0,0,0,0,0,0,0,0,0,0,0,0,0,0,0,0,0,0,0,0,0,0,0,0,0,0,0,0,0,0,0,0,0,347,0,0,0,0,0,0,0,0,0,0,0,0,0,
768,735,735,771,0,799,0,860,0,0,0,0,0,0,0,0,0,0,0,0,0,0,0,0,0,0,0,0,0,103,0,0,103,0,0,0,0,0,0,0,0,0,0,0,0,0,0,0,101,0,0,103,0,0,103,0,0,103,0,0,0,0,0,0,0,0,0,0,0,0,0,0,0,0,0,0,0,0,0,371,453,363,371,0,0,0,0,0,0,0,0,0,0,0,0,0,0,0,0,0,0,0,0,0,0,0,0,0,0,0,0,0,0,0,347,0,0,0,0,0,0,0,0,0,0,0,0,0,
735,735,771,0,799,0,0,860,0,0,0,0,0,0,0,0,0,0,0,0,0,0,0,0,0,0,0,0,0,102,0,0,103,0,397,397,363,397,0,0,0,0,0,0,401,453,401,0,102,0,0,848,0,0,103,0,0,102,0,0,0,0,0,0,0,0,0,0,0,0,0,0,0,0,0,0,0,0,0,103,0,0,103,0,0,0,0,0,0,0,0,398,363,398,398,0,0,0,0,0,0,0,0,0,0,0,0,0,0,0,0,0,0,0,347,0,0,0,0,0,0,0,0,0,0,0,0,0,
785,785,785,799,0,0,0,795,0,0,0,0,0,0,0,0,0,0,0,0,0,0,0,0,367,363,367,367,0,103,0,0,102,0,101,0,0,103,0,0,0,0,0,0,0,848,0,0,103,0,0,102,0,0,848,0,0,103,0,401,401,363,401,0,0,0,0,0,0,0,0,0,0,0,0,0,0,0,0,102,0,0,101,0,0,0,0,0,0,0,0,103,0,0,103,0,0,0,0,0,0,0,0,0,0,0,0,0,0,0,0,0,0,0,347,0,0,0,0,0,0,0,0,0,0,0,0,0,
841,841,841,0,0,0,0,0,0,0,0,0,0,0,0,0,0,0,0,0,0,0,0,0,103,0,0,103,0,101,0,0,103,0,103,0,0,102,0,0,0,0,0,0,0,103,0,0,101,0,0,103,0,0,101,0,0,103,0,103,0,0,103,0,0,0,0,0,0,0,0,0,0,0,367,367,367,363,0,848,0,0,848,0,0,0,0,0,0,0,0,103,0,0,102,0,0,0,0,0,0,0,0,0,0,0,0,0,0,0,0,0,0,0,0,0,0,0,0,0,0,0,0,0,0,0,0,627,
782,0,0,0,0,0,0,0,0,0,0,0,0,0,0,0,0,0,0,0,0,0,0,0,102,0,0,101,0,102,0,0,848,0,101,0,0,103,0,0,363,363,453,363,0,102,0,0,103,0,0,101,0,0,102,0,0,101,0,103,0,0,102,0,0,0,0,0,0,0,0,0,0,0,103,0,0,103,0,101,0,0,102,0,0,396,363,453,396,0,0,102,0,0,103,0,0,0,0,0,0,0,0,453,453,453,401,0,0,0,0,0,0,0,0,0,0,0,0,0,0,0,0,0,0,0,0,657,
702,0,0,0,0,0,0,0,0,0,0,0,0,0,0,0,0,0,0,453,363,369,0,0,103,0,0,102,0,103,0,0,103,0,102,0,0,103,0,0,103,0,0,103,0,101,0,0,103,0,0,103,0,0,103,0,0,103,0,102,0,0,101,0,0,0,0,0,0,363,401,401,0,0,103,0,0,102,0,103,0,0,103,0,0,103,0,0,103,0,0,103,0,0,101,0,0,0,0,0,0,0,0,102,0,0,103,0,0,0,0,0,0,0,0,0,0,0,0,0,0,0,0,0,123,123,123,123,
732,0,0,0,0,0,0,0,0,0,0,0,0,363,398,398,0,0,0,0,103,0,0,0,101,0,0,103,0,578,578,578,578,578,578,578,578,578,578,578,578,578,578,578,578,578,578,578,578,578,578,578,578,578,578,578,578,578,578,103,0,0,103,0,401,401,453,0,0,0,102,0,0,578,578,578,578,578,43,578,578,578,578,578,578,578,578,578,578,578,578,578,0,0,103,0,0,397,397,363,397,0,0,103,0,0,102,0,0,0,401,401,363,0,0,0,0,0,0,0,0,0,0,123,153,153,153,153,
735,191,401,401,367,401,401,368,369,0,0,0,0,0,103,0,0,0,0,0,102,0,0,0,578,578,578,578,578,578,41,41,41,41,41,41,41,41,41,41,41,41,41,41,41,43,41,41,41,41,41,41,41,41,43,41,41,41,578,578,578,578,578,43,578,578,578,578,578,578,578,43,578,578,41,41,41,41,41,41,41,43,41,41,41,41,41,41,41,41,41,578,578,578,578,578,578,102,0,0,103,0,0,848,0,0,103,0,0,0,0,102,0,0,0,0,0,0,0,0,0,0,123,153,153,153,153,153,
767,735,827,578,578,578,578,578,578,578,578,578,578,578,578,578,578,578,578,578,578,578,578,578,43,41,580,43,41,41,41,41,43,41,41,41,41,41,41,41,43,41,41,41,581,581,581,581,41,41,43,41,43,41,41,41,41,41,41,41,41,41,41,41,41,41,41,41,41,41,41,580,580,41,41,41,41,41,41,41,41,41,41,41,41,581,581,581,43,41,41,41,41,43,41,41,41,578,578,578,578,578,578,578,578,578,578,578,578,578,578,578,578,578,578,578,453,453,453,401,578,578,153,153,153,153,153,153,
735,768,735,827,41,580,43,578,578,43,41,41,41,41,579,579,579,579,41,43,41,41,41,41,580,580,41,41,41,41,41,41,41,41,41,43,41,43,41,41,41,41,41,41,41,43,41,41,581,581,41,41,41,41,43,43,41,41,41,43,41,41,41,41,41,41,41,41,43,581,581,581,581,580,580,580,43,579,579,579,43,579,579,579,579,579,579,579,581,581,41,41,41,41,41,41,41,41,41,41,41,41,41,581,581,581,581,581,581,581,581,41,41,41,578,578,578,578,578,578,41,41,153,153,153,153,153,153,
735,767,735,735,41,579,579,579,579,579,579,579,579,579,43,41,41,41,43,580,580,580,580,580,41,41,41,43,579,579,581,43,581,581,581,581,581,579,579,579,580,579,579,579,41,41,41,41,41,43,581,581,41,41,41,41,41,41,41,41,580,41,41,41,43,41,41,579,41,41,41,43,41,581,581,41,580,41,41,41,41,41,41,41,41,41,41,41,41,41,581,581,43,41,41,41,41,41,41,41,41,41,41,41,43,43,41,41,41,41,41,581,43,581,41,41,43,41,41,41,41,41,153,153,153,153,153,153,
735,735,767,735,41,827,827,41,41,43,41,579,580,43,579,579,579,43,41,41,41,41,41,41,41,41,41,41,41,41,41,41,41,43,41,41,41,581,41,41,41,580,43,41,41,41,41,41,41,41,41,43,581,581,581,579,579,579,579,579,580,579,579,579,579,579,43,41,41,41,41,41,41,41,41,581,581,580,41,41,41,41,41,41,43,41,41,41,41,41,41,41,581,41,579,579,579,579,43,579,41,41,41,41,41,41,41,41,41,41,41,41,41,41,581,41,41,41,41,41,41,153,153,153,153,153,153,153,
735,768,735,768,827,735,735,41,41,580,579,579,41,580,580,579,579,579,579,579,579,41,43,41,41,41,580,43,41,43,41,41,41,41,41,41,41,41,581,581,43,41,580,580,41,41,43,41,41,41,41,41,41,41,41,581,581,581,41,41,43,41,41,41,41,41,41,41,41,41,579,579,43,579,579,579,579,43,580,579,579,579,579,579,579,579,579,579,579,43,41,41,41,580,580,580,43,580,580,580,580,580,579,579,579,579,579,579,579,43,579,579,579,579,579,581,579,41,41,41,41,153,153,153,153,153,153,153,
735,735,735,768,735,735,735,827,41,580,41,43,581,581,43,581,581,581,581,581,579,579,41,41,43,41,580,41,41,41,41,41,43,41,41,41,41,43,41,41,581,41,43,41,580,43,41,41,41,41,41,41,41,41,41,41,43,41,581,581,580,41,41,43,41,41,41,41,41,41,41,41,41,41,41,41,41,41,41,580,41,43,41,41,41,41,41,41,41,41,41,580,43,41,581,581,41,41,41,41,41,41,43,41,41,41,43,581,41,41,41,41,580,580,580,580,580,580,41,41,153,153,153,153,153,153,153,153,
735,767,735,735,768,735,735,735,827,827,41,41,41,41,41,580,41,41,41,43,581,581,41,41,43,41,41,580,579,579,579,579,579,579,579,579,579,579,41,41,41,581,41,41,41,580,580,41,41,41,41,43,41,41,41,43,581,581,581,581,580,41,41,41,41,41,41,41,43,41,41,41,41,41,41,41,41,41,41,41,580,41,41,41,41,43,41,41,41,41,580,41,41,41,41,41,41,41,41,41,41,41,41,41,41,581,581,581,581,580,580,580,41,43,41,41,41,41,41,153,153,153,153,153,153,153,153,153,
859,859,859,859,890,735,767,735,735,735,827,41,579,579,43,41,580,43,41,41,41,41,41,41,41,41,41,580,41,41,43,41,41,41,41,43,41,41,43,41,41,41,581,581,43,41,41,580,41,43,41,41,41,41,581,581,41,41,41,41,580,43,41,41,41,41,41,41,41,41,41,41,41,41,43,41,581,581,41,41,580,41,41,41,41,41,41,41,41,580,41,41,41,41,41,41,41,43,41,41,41,41,41,41,581,41,41,41,41,43,41,41,41,41,41,41,41,41,41,153,153,153,153,153,153,153,153,153,
735,768,735,767,890,768,735,735,768,735,735,827,41,41,579,41,41,580,41,41,41,41,41,43,41,41,41,41,580,580,41,41,41,41,41,41,41,41,41,41,41,41,41,41,41,41,41,580,580,41,41,41,43,581,41,41,41,41,41,41,580,41,41,41,579,579,579,579,579,579,579,43,581,43,581,581,579,579,43,579,580,579,579,579,579,579,579,41,43,41,41,41,41,41,41,41,41,41,41,41,41,41,41,43,41,41,41,41,41,580,581,41,41,41,41,41,41,153,153,153,153,153,153,153,153,153,153,153,
735,735,767,768,890,859,859,859,735,735,768,735,41,43,41,579,579,580,580,43,580,41,41,41,43,579,579,579,43,41,580,580,580,41,41,41,41,41,41,41,43,41,41,41,41,581,581,581,581,581,581,581,41,41,41,41,43,41,41,41,41,580,41,41,43,41,41,41,41,41,581,581,41,41,41,41,41,41,41,41,41,580,43,41,41,41,41,580,580,41,579,579,579,579,43,579,579,579,579,579,43,581,581,579,579,579,579,579,580,579,41,581,41,41,41,41,41,153,153,153,153,153,153,153,153,153,153,153,
735,735,735,735,890,768,735,767,735,735,735,735,41,41,41,43,41,41,41,41,579,580,43,41,41,41,41,41,579,581,581,43,581,580,580,581,43,581,581,43,581,41,41,43,41,41,41,41,43,41,579,579,579,579,579,579,579,579,579,579,43,579,579,579,579,41,41,581,43,581,41,41,41,41,41,41,41,41,41,41,41,41,580,43,41,41,41,41,41,41,43,41,41,41,41,41,41,41,41,41,581,41,41,41,41,41,41,41,580,43,41,41,581,41,41,41,153,153,153,153,153,153,153,153,153,153,153,153,
735,735,735,735,890,735,735,735,735,735,735,735,41,41,41,41,41,41,41,41,41,41,41,41,41,41,41,41,41,41,41,41,41,41,41,580,41,41,41,41,41,41,41,41,41,41,41,41,41,41,41,41,41,41,41,41,41,41,41,41,41,41,41,41,41,41,41,41,41,41,41,41,41,41,41,43,41,41,41,41,41,41,41,41,41,41,41,41,41,41,41,41,41,41,41,41,41,41,41,41,581,41,41,41,41,41,41,41,41,41,41,41,41,581,41,153,153,153,153,153,153,153,153,153,153,153,153,153

[ObjectsLayer]
# enemy
type=spider
location=15,16,1,1

[ObjectsLayer]
# enemy
type=spider
location=24,4,1,1

[ObjectsLayer]
# enemy
type=spider
location=40,13,1,1

[ObjectsLayer]
# enemy
type=spider
location=55,4,1,1

[ObjectsLayer]
# enemy
type=spider
location=70,14,1,1

[ObjectsLayer]
# enemy
type=spider
location=80,7,1,1

[ObjectsLayer]
# enemy
type=spider
location=92,10,1,1

[ObjectsLayer]
# enemy
type=spider
location=111,15,1,1

[ObjectsLayer]
# enemy
type=bird
location=17,13,1,1

[ObjectsLayer]
# enemy
type=bird
location=23,8,1,1

[ObjectsLayer]
# enemy
type=bird
location=32,3,1,1

[ObjectsLayer]
# enemy
type=bird
location=51,7,1,1

[ObjectsLayer]
# enemy
type=bird
location=44,3,1,1

[ObjectsLayer]
# enemy
type=bird
location=68,7,1,1

[ObjectsLayer]
# enemy
type=bird
location=87,7,1,1

[ObjectsLayer]
# enemy
type=bird
location=105,10,1,1

[ObjectsLayer]
# enemy
type=bird
location=120,12,1,1

[ObjectsLayer]
# player
type=player
location=2,17,1,1

[ObjectsLayer]
# enemy
type=spider
location=34,10,1,1

[ObjectsLayer]
# enemy
type=spider
location=48,8,1,1

[ObjectsLayer]
# enemy
type=spider
location=64,5,1,1

[ObjectsLayer]
# enemy
type=spider
location=86,3,1,1

[ObjectsLayer]
# enemy
type=spider
location=102,9,1,1

[ObjectsLayer]
# enemy
type=spider
location=117,9,1,1

[ObjectsLayer]
# door
type=door
location=124,16,1,1

